100
2lm                                                                                                               0.0000000 0.0057354 0.0177331 0.0057354 0.0116086 0.0115901 0.0115901 0.0372419 0.0086548 0.0177618 0.0145737 0.0116390 0.0115717 0.0086548 0.0115983 0.0115901 0.0116732 0.0086548 0.0115901 0.0116122 0.0086606 0.0086410 0.0086548 0.0057836 0.0115901 0.0115901 0.0086410 0.0086606 0.0116390 0.0115983 0.0115901 0.0206440 0.0206440 0.0177618 0.0209837 0.0241269 0.0177973 0.0145504 0.0207788 0.0086606 0.0177756 0.0237512 0.3159244 0.0086410 0.0115901 0.0115901 0.0057354 0.0115717 0.0057354 0.0086606 0.0000010 0.0175917 0.0175635 0.0206109 0.0175635 0.0206604 0.0179061 0.0145504 0.0145504 0.0179061 0.0304492 0.0175917 0.3290194 0.3290194 0.3351972 0.3153762 0.3351972 0.3216352 0.3278269 0.3278269 0.3216352 0.3216352 0.3093980 0.3142669 0.3302221 0.3079854 0.3158685 0.3228046 0.3290194 0.3228046 1.0406390 0.3158685 0.3426494 0.3216352 0.3228046 1.0406390 0.3229359 0.0176469 0.7253304 0.0116994 0.0086709 0.3290194 0.3290194 0.3142728 0.3025447 0.3295941 0.0145844 0.0116994 0.0177618 0.0146019 
ALV                                                                                                               0.0057354 0.0000000 0.0116723 0.0000010 0.0057317 0.0057226 0.0057226 0.0306359 0.0028482 0.0116911 0.0086351 0.0057459 0.0057136 0.0028482 0.0057263 0.0057226 0.0057612 0.0028482 0.0057226 0.0057331 0.0028500 0.0028437 0.0028482 0.0057705 0.0057226 0.0057226 0.0028437 0.0028500 0.0057459 0.0057263 0.0057226 0.0145630 0.0145630 0.0116911 0.0147955 0.0178630 0.0177547 0.0086215 0.0146547 0.0028500 0.0116994 0.0175904 0.3175992 0.0028437 0.0057226 0.0057226 0.0057226 0.0057136 0.0057226 0.0028500 0.0057354 0.0115819 0.0115635 0.0145397 0.0115635 0.0145737 0.0117833 0.0086215 0.0086215 0.0117833 0.0240481 0.0115819 0.3308005 0.3308005 0.3370053 0.3170464 0.3370053 0.3233747 0.3295941 0.3295941 0.3233747 0.3233747 0.3110403 0.3159244 0.3320173 0.3096520 0.3175419 0.3245578 0.3308005 0.3245578 1.0309078 0.3175419 0.3445438 0.3233747 0.3245578 1.0309078 0.3246890 0.0116168 0.7082506 0.0057743 0.0028533 0.3308005 0.3308005 0.3159701 0.3041490 0.3313800 0.0086410 0.0057743 0.0116911 0.0086512 
AVX                                                                                                               0.0177331 0.0116723 0.0000000 0.0116723 0.0116911 0.0116723 0.0116723 0.0375396 0.0146783 0.0178921 0.0087155 0.0177685 0.0116536 0.0146783 0.0177045 0.0116723 0.0117566 0.0146783 0.0176909 0.0116947 0.0146892 0.0087016 0.0087155 0.0178517 0.0116723 0.0116723 0.0087016 0.0146892 0.0177685 0.0177045 0.0057743 0.0147019 0.0147019 0.0118024 0.0211407 0.0243096 0.0241570 0.0146547 0.0209326 0.0146892 0.0118109 0.0239281 0.3313800 0.0146547 0.0116723 0.0116723 0.0176909 0.0116536 0.0176909 0.0146892 0.0177331 0.0116911 0.0176909 0.0207621 0.0176909 0.0147129 0.0243096 0.0146547 0.0146547 0.0243096 0.0306849 0.0116911 0.3451896 0.3451896 0.3514872 0.3308005 0.3514872 0.3375757 0.3438929 0.3438929 0.3375757 0.3375757 0.3246891 0.3295941 0.3464977 0.3235418 0.3313121 0.3388489 0.3451896 0.3388489 1.0807166 0.3313121 0.3595786 0.3375757 0.3388489 1.0807166 0.3389762 0.0177756 0.7292303 0.0178630 0.0147070 0.3451896 0.3451896 0.3299793 0.3176270 0.3457966 0.0146892 0.0178630 0.0178921 0.0087319 
BDSN                                                                                                              0.0057354 0.0000010 0.0116723 0.0000000 0.0057317 0.0057226 0.0057226 0.0306359 0.0028482 0.0116911 0.0086351 0.0057459 0.0057136 0.0028482 0.0057263 0.0057226 0.0057612 0.0028482 0.0057226 0.0057331 0.0028500 0.0028437 0.0028482 0.0057705 0.0057226 0.0057226 0.0028437 0.0028500 0.0057459 0.0057263 0.0057226 0.0145630 0.0145630 0.0116911 0.0147955 0.0178630 0.0177547 0.0086215 0.0146547 0.0028500 0.0116994 0.0175904 0.3175992 0.0028437 0.0057226 0.0057226 0.0057226 0.0057136 0.0057226 0.0028500 0.0057354 0.0115819 0.0115635 0.0145397 0.0115635 0.0145737 0.0117833 0.0086215 0.0086215 0.0117833 0.0240481 0.0115819 0.3308005 0.3308005 0.3370053 0.3170464 0.3370053 0.3233747 0.3295941 0.3295941 0.3233747 0.3233747 0.3110403 0.3159244 0.3320173 0.3096520 0.3175419 0.3245578 0.3308005 0.3245578 1.0309078 0.3175419 0.3445438 0.3233747 0.3245578 1.0309078 0.3246890 0.0116168 0.7082506 0.0057743 0.0028533 0.3308005 0.3308005 0.3159701 0.3041490 0.3313800 0.0086410 0.0057743 0.0116911 0.0086512 
BRK                                                                                                               0.0116086 0.0057317 0.0116911 0.0057317 0.0000000 0.0115819 0.0115819 0.0306866 0.0086489 0.0177481 0.0086489 0.0116307 0.0115635 0.0086489 0.0115901 0.0115819 0.0116648 0.0086489 0.0115819 0.0116039 0.0086548 0.0086351 0.0086489 0.0116836 0.0115819 0.0115819 0.0086351 0.0086548 0.0116307 0.0115901 0.0115819 0.0145862 0.0145862 0.0177481 0.0209667 0.0241066 0.0239566 0.0145397 0.0207621 0.0086548 0.0177618 0.0237316 0.3180954 0.0086351 0.0115819 0.0115819 0.0115819 0.0115635 0.0115819 0.0086548 0.0116086 0.0116004 0.0175501 0.0205946 0.0175501 0.0145970 0.0178921 0.0145397 0.0145397 0.0178921 0.0304218 0.0116004 0.3313121 0.3313121 0.3375172 0.3175419 0.3375172 0.3238831 0.3301031 0.3301031 0.3238831 0.3238831 0.3115345 0.3164174 0.3325315 0.3101553 0.3180378 0.3250689 0.3313121 0.3250689 1.0279217 0.3180378 0.3450708 0.3238831 0.3250689 1.0279217 0.3251999 0.0057574 0.6964750 0.0116911 0.0086650 0.3313121 0.3313121 0.3164750 0.3046398 0.3318923 0.0145737 0.0116911 0.0177481 0.0145912 
ccw                                                                                                               0.0115901 0.0057226 0.0116723 0.0057226 0.0115819 0.0000000 0.0000010 0.0306359 0.0086351 0.0087155 0.0086351 0.0116122 0.0057136 0.0086351 0.0115717 0.0057226 0.0057612 0.0086351 0.0115635 0.0057331 0.0086410 0.0028437 0.0086351 0.0116648 0.0057226 0.0057226 0.0028437 0.0086410 0.0116122 0.0115717 0.0057226 0.0145630 0.0145630 0.0116911 0.0147955 0.0178630 0.0177547 0.0086215 0.0146547 0.0086410 0.0116994 0.0175904 0.3175992 0.0086215 0.0057226 0.0057226 0.0115635 0.0057136 0.0115635 0.0086410 0.0115901 0.0115819 0.0115635 0.0086351 0.0115635 0.0145737 0.0178630 0.0086215 0.0086215 0.0178630 0.0240481 0.0115819 0.3308005 0.3308005 0.3370053 0.3170464 0.3370053 0.3233747 0.3295941 0.3295941 0.3233747 0.3233747 0.3110403 0.3159244 0.3320173 0.3096520 0.3175419 0.3245578 0.3308005 0.3245578 1.0338047 0.3175419 0.3445438 0.3233747 0.3245578 1.0338047 0.3246890 0.0176051 0.7024204 0.0116723 0.0086512 0.3308005 0.3308005 0.3159701 0.3041490 0.3313800 0.0086410 0.0116723 0.0087155 0.0086512 
CFHF_01                                                                                                           0.0115901 0.0057226 0.0116723 0.0057226 0.0115819 0.0000010 0.0000000 0.0306359 0.0086351 0.0087155 0.0086351 0.0116122 0.0057136 0.0086351 0.0115717 0.0057226 0.0057612 0.0086351 0.0115635 0.0057331 0.0086410 0.0028437 0.0086351 0.0116648 0.0057226 0.0057226 0.0028437 0.0086410 0.0116122 0.0115717 0.0057226 0.0145630 0.0145630 0.0116911 0.0147955 0.0178630 0.0177547 0.0086215 0.0146547 0.0086410 0.0116994 0.0175904 0.3175992 0.0086215 0.0057226 0.0057226 0.0115635 0.0057136 0.0115635 0.0086410 0.0115901 0.0115819 0.0115635 0.0086351 0.0115635 0.0145737 0.0178630 0.0086215 0.0086215 0.0178630 0.0240481 0.0115819 0.3308005 0.3308005 0.3370053 0.3170464 0.3370053 0.3233747 0.3295941 0.3295941 0.3233747 0.3233747 0.3110403 0.3159244 0.3320173 0.3096520 0.3175419 0.3245578 0.3308005 0.3245578 1.0338047 0.3175419 0.3445438 0.3233747 0.3245578 1.0338047 0.3246890 0.0176051 0.7024204 0.0116723 0.0086512 0.3308005 0.3308005 0.3159701 0.3041490 0.3313800 0.0086410 0.0116723 0.0087155 0.0086512 
CH413                                                                                                             0.0372419 0.0306359 0.0375396 0.0306359 0.0306866 0.0306359 0.0306359 0.0000000 0.0339025 0.0310064 0.0274512 0.0373264 0.0305854 0.0339025 0.0371802 0.0306359 0.0308839 0.0274512 0.0371441 0.0307028 0.0339345 0.0274060 0.0339025 0.0375167 0.0306359 0.0306359 0.0274060 0.0339345 0.0373264 0.0371802 0.0306359 0.0274966 0.0274966 0.0310064 0.0345666 0.0312806 0.0376888 0.0274060 0.0342025 0.0339345 0.0376397 0.0439844 0.2937572 0.0338465 0.0306359 0.0306359 0.0371441 0.0305854 0.0371441 0.0339345 0.0372419 0.0242928 0.0242528 0.0274512 0.0242528 0.0275208 0.0379444 0.0210913 0.0210913 0.0379444 0.0447119 0.0242928 0.3065308 0.3065308 0.3128582 0.2932267 0.3128582 0.2990862 0.3054192 0.3054192 0.2990862 0.2990862 0.2871337 0.2921975 0.3076521 0.2852729 0.2937151 0.3001725 0.3065308 0.3123507 1.1137323 0.2937151 0.3198391 0.2990862 0.3123507 1.1137323 0.3003158 0.0373403 0.7407809 0.0375396 0.0339780 0.3065308 0.3065308 0.2916727 0.2802273 0.3070895 0.0339345 0.0375396 0.0310064 0.0339780 
DGL_L                                                                                                             0.0086548 0.0028482 0.0146783 0.0028482 0.0086489 0.0086351 0.0086351 0.0339025 0.0000000 0.0147019 0.0115819 0.0086709 0.0086215 0.0000010 0.0086410 0.0086351 0.0086959 0.0057317 0.0086351 0.0086512 0.0057354 0.0057226 0.0057317 0.0087099 0.0086351 0.0086351 0.0057226 0.0057354 0.0086709 0.0086410 0.0086351 0.0175782 0.0175782 0.0147019 0.0178630 0.0209667 0.0208380 0.0115635 0.0176909 0.0057354 0.0147129 0.0206437 0.3237115 0.0057226 0.0086351 0.0086351 0.0086351 0.0086215 0.0086351 0.0057354 0.0086548 0.0145630 0.0145397 0.0175501 0.0145397 0.0175917 0.0148196 0.0115635 0.0115635 0.0148196 0.0272169 0.0145630 0.3370053 0.3370053 0.3431708 0.3231540 0.3431708 0.3295941 0.3357762 0.3357762 0.3295941 0.3295941 0.3171777 0.3220095 0.3382449 0.3159128 0.3236503 0.3308005 0.3370053 0.3308005 1.0341276 0.3236503 0.3508411 0.3295941 0.3308005 1.0341276 0.3309283 0.0146078 0.7145892 0.0087155 0.0057422 0.3370053 0.3370053 0.3222016 0.3102987 0.3375891 0.0115901 0.0087155 0.0147019 0.0116039 
FMW                                                                                                               0.0177618 0.0116911 0.0178921 0.0116911 0.0177481 0.0087155 0.0087155 0.0310064 0.0147019 0.0000000 0.0087295 0.0177973 0.0116723 0.0147019 0.0177331 0.0116911 0.0117756 0.0147019 0.0177194 0.0117135 0.0147129 0.0087155 0.0147019 0.0178807 0.0116911 0.0116911 0.0087155 0.0147129 0.0177973 0.0177331 0.0116911 0.0147257 0.0147257 0.0118216 0.0149637 0.0180684 0.0179575 0.0087155 0.0148196 0.0147129 0.0179354 0.0239670 0.3049613 0.0146783 0.0057836 0.0116911 0.0177194 0.0116723 0.0177194 0.0147129 0.0177618 0.0117099 0.0057836 0.0057836 0.0057836 0.0147367 0.0180684 0.0087155 0.0087155 0.0180684 0.0243303 0.0117099 0.3175942 0.3175942 0.3236992 0.3044340 0.3236992 0.3103546 0.3164700 0.3164700 0.3103546 0.3103546 0.2985371 0.3033885 0.3187278 0.2969439 0.3049134 0.3114559 0.3175942 0.3114559 1.0018216 0.3049134 0.3307330 0.3103546 0.3114559 1.0018216 0.3115899 0.0239860 0.7233422 0.0118024 0.0147307 0.3175942 0.3175942 0.3031394 0.2918141 0.3181474 0.0147129 0.0118024 0.0000010 0.0147307 
frn                                                                                                               0.0145737 0.0086351 0.0087155 0.0086351 0.0086489 0.0086351 0.0086351 0.0274512 0.0115819 0.0087295 0.0000000 0.0146019 0.0086215 0.0115819 0.0145504 0.0086351 0.0086959 0.0115819 0.0145397 0.0086512 0.0115901 0.0057226 0.0115819 0.0146689 0.0086351 0.0086351 0.0057226 0.0115901 0.0146019 0.0145504 0.0086351 0.0116004 0.0116004 0.0087295 0.0117833 0.0148196 0.0147307 0.0057226 0.0116723 0.0115901 0.0147129 0.0206437 0.3180954 0.0115635 0.0086351 0.0086351 0.0145397 0.0086215 0.0145397 0.0115901 0.0145737 0.0086489 0.0086351 0.0115819 0.0086351 0.0116086 0.0148196 0.0057226 0.0057226 0.0148196 0.0209495 0.0086489 0.3313121 0.3313121 0.3375172 0.3175419 0.3375172 0.3238831 0.3301031 0.3301031 0.3238831 0.3238831 0.3115345 0.3164174 0.3325315 0.3101553 0.3180378 0.3250689 0.3313121 0.3250689 1.0309078 0.3180378 0.3450708 0.3238831 0.3250689 1.0309078 0.3251999 0.0146078 0.6964750 0.0146783 0.0116039 0.3313121 0.3313121 0.3164750 0.3046398 0.3318923 0.0115901 0.0146783 0.0087295 0.0116039 
GIW_consensus                                                                                                     0.0116390 0.0057459 0.0177685 0.0057459 0.0116307 0.0116122 0.0116122 0.0373264 0.0086709 0.0177973 0.0146019 0.0000000 0.0115937 0.0086709 0.0116204 0.0116122 0.0116955 0.0086709 0.0116122 0.0116343 0.0028500 0.0086571 0.0086709 0.0117144 0.0116122 0.0116122 0.0086571 0.0086768 0.0000010 0.0116204 0.0116122 0.0206856 0.0206856 0.0177973 0.0210268 0.0241774 0.0240265 0.0145786 0.0208210 0.0086768 0.0178111 0.0238001 0.3327282 0.0086571 0.0116122 0.0116122 0.0116122 0.0115937 0.0116122 0.0028500 0.0116390 0.0176265 0.0175982 0.0206524 0.0175982 0.0207021 0.0179423 0.0145786 0.0145786 0.0179423 0.0305152 0.0176265 0.3463006 0.3463006 0.3524726 0.3321582 0.3524726 0.3388324 0.3450241 0.3450241 0.3388324 0.3388324 0.3261646 0.3309686 0.3475880 0.3250689 0.3326606 0.3400865 0.3463006 0.3400865 1.0572045 0.3326606 0.3604279 0.3388324 0.3400865 1.0572045 0.3402106 0.0176820 0.7082506 0.0117219 0.0086872 0.3308005 0.3463006 0.3313800 0.3192330 0.3468968 0.0146127 0.0117219 0.0177973 0.0146303 
HM044105_1_Chordodes_sp_MCC-2010_isolate_D02_cytochrome_oxidase_subunit_I_CO1_gene_partial_cds_mitochondrial      0.0115717 0.0057136 0.0116536 0.0057136 0.0115635 0.0057136 0.0057136 0.0305854 0.0086215 0.0116723 0.0086215 0.0115937 0.0000000 0.0086215 0.0057173 0.0057136 0.0057531 0.0086215 0.0057136 0.0057240 0.0086273 0.0028392 0.0086215 0.0116462 0.0057136 0.0057136 0.0028392 0.0086273 0.0115937 0.0057173 0.0057136 0.0145397 0.0145397 0.0116723 0.0147715 0.0178340 0.0177261 0.0086078 0.0146312 0.0086273 0.0116806 0.0115880 0.3175992 0.0028392 0.0057136 0.0057136 0.0057136 0.0000010 0.0057136 0.0086273 0.0115717 0.0115635 0.0115451 0.0145166 0.0115451 0.0145504 0.0178340 0.0086078 0.0086078 0.0178340 0.0240089 0.0115635 0.3308005 0.3308005 0.3370053 0.3170464 0.3370053 0.3233747 0.3295941 0.3295941 0.3233747 0.3233747 0.3110403 0.3159244 0.3320173 0.3096520 0.3175419 0.3245578 0.3308005 0.3245578 1.0305740 0.3175419 0.3445438 0.3233747 0.3245578 1.0305740 0.3246890 0.0175769 0.7017750 0.0116536 0.0086375 0.3308005 0.3308005 0.3159701 0.3041490 0.3313800 0.0086273 0.0116536 0.0116723 0.0086375 
HM044106_1_Chordodes_sp_MCC-2010_isolate_F01_cytochrome_oxidase_subunit_I_CO1_gene_partial_cds_mitochondrial      0.0086548 0.0028482 0.0146783 0.0028482 0.0086489 0.0086351 0.0086351 0.0339025 0.0000010 0.0147019 0.0115819 0.0086709 0.0086215 0.0000000 0.0086410 0.0086351 0.0086959 0.0057317 0.0086351 0.0086512 0.0057354 0.0057226 0.0057317 0.0087099 0.0086351 0.0086351 0.0057226 0.0057354 0.0086709 0.0086410 0.0086351 0.0175782 0.0175782 0.0147019 0.0178630 0.0209667 0.0208380 0.0115635 0.0176909 0.0057354 0.0147129 0.0206437 0.3237115 0.0057226 0.0086351 0.0086351 0.0086351 0.0086215 0.0086351 0.0057354 0.0086548 0.0145630 0.0145397 0.0175501 0.0145397 0.0175917 0.0148196 0.0115635 0.0115635 0.0148196 0.0272169 0.0145630 0.3370053 0.3370053 0.3431708 0.3231540 0.3431708 0.3295941 0.3357762 0.3357762 0.3295941 0.3295941 0.3171777 0.3220095 0.3382449 0.3159128 0.3236503 0.3308005 0.3370053 0.3308005 1.0341276 0.3236503 0.3508411 0.3295941 0.3308005 1.0341276 0.3309283 0.0146078 0.7145892 0.0087155 0.0057422 0.3370053 0.3370053 0.3222016 0.3102987 0.3375891 0.0115901 0.0087155 0.0147019 0.0116039 
HM044108_1_Chordodes_sp_MCC-2010_isolate_F02_cytochrome_oxidase_subunit_I_CO1_gene_partial_cds_mitochondrial      0.0115983 0.0057263 0.0177045 0.0057263 0.0115901 0.0115717 0.0115717 0.0371802 0.0086410 0.0177331 0.0145504 0.0116204 0.0057173 0.0086410 0.0000000 0.0115717 0.0116544 0.0086410 0.0057263 0.0115937 0.0086469 0.0086273 0.0086410 0.0116732 0.0115717 0.0115717 0.0086273 0.0086469 0.0116204 0.0000010 0.0115717 0.0206109 0.0206109 0.0177331 0.0209495 0.0240874 0.0239377 0.0145272 0.0207452 0.0086469 0.0177468 0.0176038 0.3248691 0.0028455 0.0115717 0.0115717 0.0057263 0.0057173 0.0057263 0.0086469 0.0115983 0.0175635 0.0175355 0.0205779 0.0175355 0.0206273 0.0178770 0.0145272 0.0145272 0.0178770 0.0303993 0.0175635 0.3382449 0.3382449 0.3444327 0.3243081 0.3444327 0.3308005 0.3370053 0.3370053 0.3308005 0.3308005 0.3183093 0.3231540 0.3394952 0.3170612 0.3248069 0.3320173 0.3382449 0.3320173 1.0403185 0.3248069 0.3521689 0.3308005 0.3320173 1.0403185 0.3321451 0.0176186 0.7127865 0.0116806 0.0086571 0.3382449 0.3382449 0.3233747 0.3114003 0.3388324 0.0145611 0.0116806 0.0177331 0.0145786 
HM044109_1_Chordodes_sp_MCC-2010_isolate_F03_cytochrome_oxidase_subunit_I_CO1_gene_partial_cds_mitochondrial      0.0115901 0.0057226 0.0116723 0.0057226 0.0115819 0.0057226 0.0057226 0.0306359 0.0086351 0.0116911 0.0086351 0.0116122 0.0057136 0.0086351 0.0115717 0.0000000 0.0057612 0.0086351 0.0115635 0.0057331 0.0086410 0.0028437 0.0086351 0.0116648 0.0057226 0.0057226 0.0028437 0.0086410 0.0116122 0.0115717 0.0057226 0.0145630 0.0145630 0.0116911 0.0147955 0.0178630 0.0177547 0.0086215 0.0146547 0.0086410 0.0116994 0.0175904 0.3119488 0.0086215 0.0057226 0.0000010 0.0115635 0.0057136 0.0115635 0.0086410 0.0115901 0.0115819 0.0115635 0.0145397 0.0115635 0.0145737 0.0178630 0.0086215 0.0086215 0.0178630 0.0240481 0.0115819 0.3250689 0.3250689 0.3313121 0.3114003 0.3313121 0.3176270 0.3238831 0.3238831 0.3176270 0.3176270 0.3053645 0.3102987 0.3262649 0.3038613 0.3118951 0.3187891 0.3250689 0.3187891 1.0309078 0.3118951 0.3387308 0.3176270 0.3187891 1.0309078 0.3189234 0.0176051 0.7024204 0.0116723 0.0086512 0.3250689 0.3250689 0.3102088 0.2984592 0.3256445 0.0028500 0.0116723 0.0116911 0.0086512 
HM044110_1_Chordodes_sp_MCC-2010_isolate_F04_cytochrome_oxidase_subunit_I_CO1_gene_partial_cds_mitochondrial      0.0116732 0.0057612 0.0117566 0.0057612 0.0116648 0.0057612 0.0057612 0.0308839 0.0086959 0.0117756 0.0086959 0.0116955 0.0057531 0.0086959 0.0116544 0.0057612 0.0000000 0.0086959 0.0116462 0.0057719 0.0087019 0.0028632 0.0086959 0.0117490 0.0057612 0.0057612 0.0028632 0.0087019 0.0116955 0.0116544 0.0057612 0.0146689 0.0146689 0.0117756 0.0149051 0.0179975 0.0178876 0.0086821 0.0147621 0.0087019 0.0117841 0.0177206 0.3307541 0.0086821 0.0057612 0.0057612 0.0116462 0.0057531 0.0116462 0.0087019 0.0116732 0.0116648 0.0116462 0.0146454 0.0116462 0.0146798 0.0179975 0.0086821 0.0086821 0.0179975 0.0242349 0.0116648 0.3445438 0.3445438 0.3508411 0.3301754 0.3508411 0.3369339 0.3432504 0.3432504 0.3369339 0.3369339 0.3240654 0.3289723 0.3458485 0.3229060 0.3306866 0.3382037 0.3445438 0.3382037 1.0844334 0.3306866 0.3589124 0.3369339 0.3382037 1.0844334 0.3383312 0.0177356 0.7402949 0.0117566 0.0087123 0.3445438 0.3445438 0.3293419 0.3170075 0.3451499 0.0087019 0.0117566 0.0117756 0.0087123 
HM044111_1_Chordodes_sp_MCC-2010_isolate_F12_cytochrome_oxidase_subunit_I_CO1_gene_partial_cds_mitochondrial      0.0086548 0.0028482 0.0146783 0.0028482 0.0086489 0.0086351 0.0086351 0.0274512 0.0057317 0.0147019 0.0115819 0.0086709 0.0086215 0.0057317 0.0086410 0.0086351 0.0086959 0.0000000 0.0086351 0.0086512 0.0057354 0.0057226 0.0057317 0.0087099 0.0086351 0.0086351 0.0057226 0.0057354 0.0086709 0.0086410 0.0086351 0.0175782 0.0175782 0.0147019 0.0178630 0.0148196 0.0208380 0.0115635 0.0176909 0.0057354 0.0147129 0.0206437 0.3119488 0.0057226 0.0086351 0.0086351 0.0086351 0.0086215 0.0086351 0.0057354 0.0086548 0.0145630 0.0145397 0.0175501 0.0145397 0.0175917 0.0148196 0.0115635 0.0115635 0.0148196 0.0272169 0.0145630 0.3250689 0.3250689 0.3313121 0.3114003 0.3313121 0.3176270 0.3238831 0.3238831 0.3176270 0.3176270 0.3053645 0.3102987 0.3262649 0.3038613 0.3118951 0.3187891 0.3250689 0.3308005 1.0309078 0.3118951 0.3387308 0.3176270 0.3308005 1.0309078 0.3189234 0.0146078 0.7024204 0.0087155 0.0057422 0.3250689 0.3250689 0.3102088 0.2984592 0.3256445 0.0115901 0.0087155 0.0147019 0.0116039 
HM044112_1_Chordodes_sp_MCC-2010_isolate_D08_cytochrome_oxidase_subunit_I_CO1_gene_partial_cds_mitochondrial      0.0115901 0.0057226 0.0176909 0.0057226 0.0115819 0.0115635 0.0115635 0.0371441 0.0086351 0.0177194 0.0145397 0.0116122 0.0057136 0.0086351 0.0057263 0.0115635 0.0116462 0.0086351 0.0000000 0.0115855 0.0086410 0.0086215 0.0086351 0.0116648 0.0115635 0.0115635 0.0086215 0.0086410 0.0116122 0.0057263 0.0115635 0.0205946 0.0205946 0.0177194 0.0209326 0.0240672 0.0239178 0.0145166 0.0146547 0.0086410 0.0177331 0.0175904 0.3119488 0.0028437 0.0115635 0.0115635 0.0057226 0.0057136 0.0057226 0.0086410 0.0115901 0.0175501 0.0175221 0.0205617 0.0175221 0.0206109 0.0178630 0.0145166 0.0145166 0.0178630 0.0303720 0.0175501 0.3250689 0.3250689 0.3313121 0.3114003 0.3313121 0.3176270 0.3238831 0.3238831 0.3176270 0.3176270 0.3053645 0.3102987 0.3382449 0.3038613 0.3118951 0.3308005 0.3250689 0.3187891 1.0244877 0.3118951 0.3387308 0.3176270 0.3187891 1.0244877 0.3189234 0.0176051 0.6958176 0.0116723 0.0086512 0.3250689 0.3250689 0.3102088 0.2984592 0.3256445 0.0145504 0.0116723 0.0177194 0.0145679 
HM044113_1_Chordodes_sp_MCC-2010_isolate_D03_cytochrome_oxidase_subunit_I_CO1_gene_partial_cds_mitochondrial      0.0116122 0.0057331 0.0116947 0.0057331 0.0116039 0.0057331 0.0057331 0.0307028 0.0086512 0.0117135 0.0086512 0.0116343 0.0057240 0.0086512 0.0115937 0.0057331 0.0057719 0.0086512 0.0115855 0.0000000 0.0086571 0.0028488 0.0086512 0.0116872 0.0057331 0.0057331 0.0028488 0.0086571 0.0116343 0.0115937 0.0057331 0.0145912 0.0145912 0.0117135 0.0148247 0.0178990 0.0177902 0.0086375 0.0146833 0.0086571 0.0117219 0.0176252 0.3103511 0.0086375 0.0057331 0.0057331 0.0115855 0.0057240 0.0115855 0.0086571 0.0116122 0.0116039 0.0115855 0.0145679 0.0115855 0.0146019 0.0178990 0.0086375 0.0086375 0.0178990 0.0240983 0.0116039 0.3233747 0.3233747 0.3295941 0.3098068 0.3295941 0.3159701 0.3222016 0.3222016 0.3159701 0.3159701 0.3037958 0.3087169 0.3245578 0.3022695 0.3102987 0.3171195 0.3233747 0.3171195 1.0213727 0.3102987 0.3369339 0.3159701 0.3171195 1.0213727 0.3172540 0.0176400 0.6973120 0.0116947 0.0086674 0.3233747 0.3233747 0.3085896 0.2969247 0.3239459 0.0086571 0.0116947 0.0117135 0.0086674 
HM044114_1_Chordodes_sp_MCC-2010_isolate_D04_cytochrome_oxidase_subunit_I_CO1_gene_partial_cds_mitochondrial      0.0086606 0.0028500 0.0146892 0.0028500 0.0086548 0.0086410 0.0086410 0.0339345 0.0057354 0.0147129 0.0115901 0.0028500 0.0086273 0.0057354 0.0086469 0.0086410 0.0087019 0.0057354 0.0086410 0.0086571 0.0000000 0.0057263 0.0057354 0.0087158 0.0086410 0.0086410 0.0057263 0.0057391 0.0028500 0.0086469 0.0086410 0.0175917 0.0175917 0.0147129 0.0178770 0.0209837 0.0208548 0.0115717 0.0177045 0.0057391 0.0147238 0.0206601 0.3248691 0.0057263 0.0086410 0.0086410 0.0086410 0.0086273 0.0086410 0.0000010 0.0086606 0.0145737 0.0145504 0.0175635 0.0145504 0.0176051 0.0148307 0.0115717 0.0115717 0.0148307 0.0272406 0.0145737 0.3382449 0.3382449 0.3444327 0.3243081 0.3444327 0.3308005 0.3370053 0.3370053 0.3308005 0.3308005 0.3183093 0.3231540 0.3394952 0.3170612 0.3248069 0.3320173 0.3382449 0.3320173 1.0434183 0.3248069 0.3521689 0.3308005 0.3320173 1.0434183 0.3321451 0.0146185 0.6961699 0.0087215 0.0057459 0.3228046 0.3382449 0.3233747 0.3114003 0.3388324 0.0115983 0.0087215 0.0147129 0.0116122 
HM044117_1_Chordodes_sp_MCC-2010_isolate_F11_cytochrome_oxidase_subunit_I_CO1_gene_partial_cds_mitochondrial      0.0086410 0.0028437 0.0087016 0.0028437 0.0086351 0.0028437 0.0028437 0.0274060 0.0057226 0.0087155 0.0057226 0.0086571 0.0028392 0.0057226 0.0086273 0.0028437 0.0028632 0.0057226 0.0086215 0.0028488 0.0057263 0.0000000 0.0057226 0.0086959 0.0028437 0.0028437 0.0000010 0.0057263 0.0086571 0.0086273 0.0028437 0.0115819 0.0115819 0.0087155 0.0117642 0.0147955 0.0147070 0.0057136 0.0116536 0.0057263 0.0087215 0.0145718 0.3175992 0.0057136 0.0028437 0.0028437 0.0086215 0.0028392 0.0086215 0.0057263 0.0086410 0.0086351 0.0086215 0.0115635 0.0086215 0.0115901 0.0147955 0.0057136 0.0057136 0.0147955 0.0209154 0.0086351 0.3308005 0.3308005 0.3370053 0.3170464 0.3370053 0.3233747 0.3295941 0.3295941 0.3233747 0.3233747 0.3110403 0.3159244 0.3320173 0.3096520 0.3175419 0.3245578 0.3308005 0.3245578 1.0338047 0.3175419 0.3445438 0.3233747 0.3245578 1.0338047 0.3246890 0.0145844 0.7082506 0.0087016 0.0057331 0.3308005 0.3308005 0.3159701 0.3041490 0.3313800 0.0057263 0.0087016 0.0087155 0.0057331 
HM044118_1_Chordodes_sp_MCC-2010_isolate_F13_cytochrome_oxidase_subunit_I_CO1_gene_partial_cds_mitochondrial      0.0086548 0.0028482 0.0087155 0.0028482 0.0086489 0.0086351 0.0086351 0.0339025 0.0057317 0.0147019 0.0115819 0.0086709 0.0086215 0.0057317 0.0086410 0.0086351 0.0086959 0.0057317 0.0086351 0.0086512 0.0057354 0.0057226 0.0000000 0.0087099 0.0086351 0.0086351 0.0057226 0.0057354 0.0086709 0.0086410 0.0028482 0.0116004 0.0116004 0.0087295 0.0178630 0.0209667 0.0208380 0.0115635 0.0176909 0.0057354 0.0087355 0.0206437 0.3119488 0.0057226 0.0086351 0.0086351 0.0086351 0.0086215 0.0086351 0.0057354 0.0086548 0.0086489 0.0145397 0.0175501 0.0145397 0.0116086 0.0148196 0.0115635 0.0115635 0.0148196 0.0272169 0.0086489 0.3250689 0.3250689 0.3313121 0.3114003 0.3313121 0.3176270 0.3238831 0.3238831 0.3176270 0.3176270 0.3053645 0.3102987 0.3262649 0.3038613 0.3118951 0.3187891 0.3250689 0.3187891 1.0279217 0.3118951 0.3387308 0.3176270 0.3187891 1.0279217 0.3189234 0.0146078 0.7024204 0.0087155 0.0057422 0.3250689 0.3250689 0.3102088 0.2984592 0.3256445 0.0115901 0.0087155 0.0147019 0.0057422 
HM044120_1_Chordodes_sp_MCC-2010_isolate_F05_cytochrome_oxidase_subunit_I_CO1_gene_partial_cds_mitochondrial      0.0057836 0.0057705 0.0178517 0.0057705 0.0116836 0.0116648 0.0116648 0.0375167 0.0087099 0.0178807 0.0146689 0.0117144 0.0116462 0.0087099 0.0116732 0.0116648 0.0117490 0.0087099 0.0116648 0.0116872 0.0087158 0.0086959 0.0087099 0.0000000 0.0116648 0.0116648 0.0086959 0.0087158 0.0117144 0.0116732 0.0116648 0.0207827 0.0207827 0.0178807 0.0211273 0.0242943 0.0179168 0.0146454 0.0209194 0.0087158 0.0178947 0.0239132 0.3369623 0.0086959 0.0116648 0.0116648 0.0057705 0.0116462 0.0057705 0.0087158 0.0057836 0.0177082 0.0176797 0.0207492 0.0176797 0.0207994 0.0180271 0.0146454 0.0146454 0.0180271 0.0306660 0.0177082 0.3508411 0.3508411 0.3570943 0.3363794 0.3570943 0.3432504 0.3495248 0.3495248 0.3432504 0.3432504 0.3303036 0.3351535 0.3521689 0.3292741 0.3368908 0.3445438 0.3508411 0.3445438 0.9819545 0.3368908 0.3368908 0.3432504 0.3445438 0.9819545 0.3446676 0.0177643 0.6839289 0.0117756 0.0087263 0.3508411 0.3508411 0.3356751 0.3232620 0.3514510 0.0146798 0.0117756 0.0178807 0.0146976 
HM044121_1_Chordodes_sp_MCC-2010_isolate_Z01_cytochrome_oxidase_subunit_I_CO1_gene_partial_cds_mitochondrial      0.0115901 0.0057226 0.0116723 0.0057226 0.0115819 0.0057226 0.0057226 0.0306359 0.0086351 0.0116911 0.0086351 0.0116122 0.0057136 0.0086351 0.0115717 0.0057226 0.0057612 0.0086351 0.0115635 0.0057331 0.0086410 0.0028437 0.0086351 0.0116648 0.0000000 0.0000010 0.0028437 0.0086410 0.0116122 0.0115717 0.0057226 0.0145630 0.0145630 0.0116911 0.0147955 0.0178630 0.0177547 0.0086215 0.0146547 0.0086410 0.0116994 0.0175904 0.3119488 0.0086215 0.0057226 0.0057226 0.0115635 0.0057136 0.0115635 0.0086410 0.0115901 0.0115819 0.0115635 0.0145397 0.0115635 0.0145737 0.0178630 0.0086215 0.0086215 0.0178630 0.0240481 0.0115819 0.3250689 0.3250689 0.3313121 0.3114003 0.3313121 0.3176270 0.3238831 0.3238831 0.3176270 0.3176270 0.3053645 0.3102987 0.3262649 0.3038613 0.3118951 0.3187891 0.3250689 0.3187891 1.0369299 0.3118951 0.3387308 0.3176270 0.3187891 1.0369299 0.3189234 0.0176051 0.7024204 0.0116723 0.0086512 0.3250689 0.3250689 0.3102088 0.2984592 0.3256445 0.0086410 0.0116723 0.0116911 0.0086512 
HM044122_1_Chordodes_sp_MCC-2010_isolate_Z02_cytochrome_oxidase_subunit_I_CO1_gene_partial_cds_mitochondrial      0.0115901 0.0057226 0.0116723 0.0057226 0.0115819 0.0057226 0.0057226 0.0306359 0.0086351 0.0116911 0.0086351 0.0116122 0.0057136 0.0086351 0.0115717 0.0057226 0.0057612 0.0086351 0.0115635 0.0057331 0.0086410 0.0028437 0.0086351 0.0116648 0.0000010 0.0000000 0.0028437 0.0086410 0.0116122 0.0115717 0.0057226 0.0145630 0.0145630 0.0116911 0.0147955 0.0178630 0.0177547 0.0086215 0.0146547 0.0086410 0.0116994 0.0175904 0.3119488 0.0086215 0.0057226 0.0057226 0.0115635 0.0057136 0.0115635 0.0086410 0.0115901 0.0115819 0.0115635 0.0145397 0.0115635 0.0145737 0.0178630 0.0086215 0.0086215 0.0178630 0.0240481 0.0115819 0.3250689 0.3250689 0.3313121 0.3114003 0.3313121 0.3176270 0.3238831 0.3238831 0.3176270 0.3176270 0.3053645 0.3102987 0.3262649 0.3038613 0.3118951 0.3187891 0.3250689 0.3187891 1.0369299 0.3118951 0.3387308 0.3176270 0.3187891 1.0369299 0.3189234 0.0176051 0.7024204 0.0116723 0.0086512 0.3250689 0.3250689 0.3102088 0.2984592 0.3256445 0.0086410 0.0116723 0.0116911 0.0086512 
HM044123_1_Chordodes_sp_MCC-2010_isolate_S01_cytochrome_oxidase_subunit_I_CO1_gene_partial_cds_mitochondrial      0.0086410 0.0028437 0.0087016 0.0028437 0.0086351 0.0028437 0.0028437 0.0274060 0.0057226 0.0087155 0.0057226 0.0086571 0.0028392 0.0057226 0.0086273 0.0028437 0.0028632 0.0057226 0.0086215 0.0028488 0.0057263 0.0000010 0.0057226 0.0086959 0.0028437 0.0028437 0.0000000 0.0057263 0.0086571 0.0086273 0.0028437 0.0115819 0.0115819 0.0087155 0.0117642 0.0147955 0.0147070 0.0057136 0.0116536 0.0057263 0.0087215 0.0145718 0.3175992 0.0057136 0.0028437 0.0028437 0.0086215 0.0028392 0.0086215 0.0057263 0.0086410 0.0086351 0.0086215 0.0115635 0.0086215 0.0115901 0.0147955 0.0057136 0.0057136 0.0147955 0.0209154 0.0086351 0.3308005 0.3308005 0.3370053 0.3170464 0.3370053 0.3233747 0.3295941 0.3295941 0.3233747 0.3233747 0.3110403 0.3159244 0.3320173 0.3096520 0.3175419 0.3245578 0.3308005 0.3245578 1.0338047 0.3175419 0.3445438 0.3233747 0.3245578 1.0338047 0.3246890 0.0145844 0.7082506 0.0087016 0.0057331 0.3308005 0.3308005 0.3159701 0.3041490 0.3313800 0.0057263 0.0087016 0.0087155 0.0057331 
HM044125_1_Chordodes_sp_MCC-2010_isolate_F07_cytochrome_oxidase_subunit_I_CO1_gene_partial_cds_mitochondrial      0.0086606 0.0028500 0.0146892 0.0028500 0.0086548 0.0086410 0.0086410 0.0339345 0.0057354 0.0147129 0.0115901 0.0086768 0.0086273 0.0057354 0.0086469 0.0086410 0.0087019 0.0057354 0.0086410 0.0086571 0.0057391 0.0057263 0.0057354 0.0087158 0.0086410 0.0086410 0.0057263 0.0000000 0.0086768 0.0086469 0.0086410 0.0175917 0.0175917 0.0147129 0.0178770 0.0209837 0.0208548 0.0115717 0.0177045 0.0000010 0.0147238 0.0206601 0.3248691 0.0057263 0.0086410 0.0086410 0.0086410 0.0086273 0.0086410 0.0057391 0.0086606 0.0145737 0.0145504 0.0175635 0.0145504 0.0115681 0.0148307 0.0115717 0.0115717 0.0148307 0.0272406 0.0145737 0.3382449 0.3382449 0.3444327 0.3243081 0.3444327 0.3308005 0.3370053 0.3370053 0.3308005 0.3308005 0.3183093 0.3231540 0.3394952 0.3170612 0.3248069 0.3320173 0.3382449 0.3320173 1.0168388 0.3248069 0.3521689 0.3308005 0.3320173 1.0168388 0.3321451 0.0146185 0.6961699 0.0087215 0.0057459 0.3382449 0.3382449 0.3233747 0.3114003 0.3388324 0.0115983 0.0087215 0.0147129 0.0116122 
HM044128_1_Chordodes_sp_MCC-2010_isolate_F10_cytochrome_oxidase_subunit_I_CO1_gene_partial_cds_mitochondrial      0.0116390 0.0057459 0.0177685 0.0057459 0.0116307 0.0116122 0.0116122 0.0373264 0.0086709 0.0177973 0.0146019 0.0000010 0.0115937 0.0086709 0.0116204 0.0116122 0.0116955 0.0086709 0.0116122 0.0116343 0.0028500 0.0086571 0.0086709 0.0117144 0.0116122 0.0116122 0.0086571 0.0086768 0.0000000 0.0116204 0.0116122 0.0206856 0.0206856 0.0177973 0.0210268 0.0241774 0.0240265 0.0145786 0.0208210 0.0086768 0.0178111 0.0238001 0.3327282 0.0086571 0.0116122 0.0116122 0.0116122 0.0115937 0.0116122 0.0028500 0.0116390 0.0176265 0.0175982 0.0206524 0.0175982 0.0207021 0.0179423 0.0145786 0.0145786 0.0179423 0.0305152 0.0176265 0.3463006 0.3463006 0.3524726 0.3321582 0.3524726 0.3388324 0.3450241 0.3450241 0.3388324 0.3388324 0.3261646 0.3309686 0.3475880 0.3250689 0.3326606 0.3400865 0.3463006 0.3400865 1.0572045 0.3326606 0.3604279 0.3388324 0.3400865 1.0572045 0.3402106 0.0176820 0.7082506 0.0117219 0.0086872 0.3308005 0.3463006 0.3313800 0.3192330 0.3468968 0.0146127 0.0117219 0.0177973 0.0146303 
HMM                                                                                                               0.0115983 0.0057263 0.0177045 0.0057263 0.0115901 0.0115717 0.0115717 0.0371802 0.0086410 0.0177331 0.0145504 0.0116204 0.0057173 0.0086410 0.0000010 0.0115717 0.0116544 0.0086410 0.0057263 0.0115937 0.0086469 0.0086273 0.0086410 0.0116732 0.0115717 0.0115717 0.0086273 0.0086469 0.0116204 0.0000000 0.0115717 0.0206109 0.0206109 0.0177331 0.0209495 0.0240874 0.0239377 0.0145272 0.0207452 0.0086469 0.0177468 0.0176038 0.3248691 0.0028455 0.0115717 0.0115717 0.0057263 0.0057173 0.0057263 0.0086469 0.0115983 0.0175635 0.0175355 0.0205779 0.0175355 0.0206273 0.0178770 0.0145272 0.0145272 0.0178770 0.0303993 0.0175635 0.3382449 0.3382449 0.3444327 0.3243081 0.3444327 0.3308005 0.3370053 0.3370053 0.3308005 0.3308005 0.3183093 0.3231540 0.3394952 0.3170612 0.3248069 0.3320173 0.3382449 0.3320173 1.0403185 0.3248069 0.3521689 0.3308005 0.3320173 1.0403185 0.3321451 0.0176186 0.7127865 0.0116806 0.0086571 0.3382449 0.3382449 0.3233747 0.3114003 0.3388324 0.0145611 0.0116806 0.0177331 0.0145786 
HQ322116_1_Chordodes_sp_MCC-2010_isolate_Z04_cytochrome_oxidase_subunit_I_CO1_gene_partial_cds_mitochondrial      0.0115901 0.0057226 0.0057743 0.0057226 0.0115819 0.0057226 0.0057226 0.0306359 0.0086351 0.0116911 0.0086351 0.0116122 0.0057136 0.0086351 0.0115717 0.0057226 0.0057612 0.0086351 0.0115635 0.0057331 0.0086410 0.0028437 0.0028482 0.0116648 0.0057226 0.0057226 0.0028437 0.0086410 0.0116122 0.0115717 0.0000000 0.0086489 0.0086489 0.0057836 0.0147955 0.0178630 0.0177547 0.0086215 0.0146547 0.0086410 0.0057874 0.0175904 0.3119488 0.0086215 0.0057226 0.0057226 0.0115635 0.0057136 0.0115635 0.0086410 0.0115901 0.0057317 0.0115635 0.0145397 0.0115635 0.0086548 0.0178630 0.0086215 0.0086215 0.0178630 0.0240481 0.0057317 0.3250689 0.3250689 0.3313121 0.3114003 0.3313121 0.3176270 0.3238831 0.3238831 0.3176270 0.3176270 0.3053645 0.3102987 0.3262649 0.3038613 0.3118951 0.3187891 0.3250689 0.3187891 1.0309078 0.3118951 0.3387308 0.3176270 0.3187891 1.0309078 0.3189234 0.0176051 0.7024204 0.0116723 0.0086512 0.3250689 0.3250689 0.3102088 0.2984592 0.3256445 0.0086410 0.0116723 0.0116911 0.0028533 
JF808194_1_Chordodes_sp__MCC-2010_isolate_JHp01_cytochrome_oxidase_subunit_I__CO1__gene_partial_cds_mitochondrial 0.0206440 0.0145630 0.0147019 0.0145630 0.0145862 0.0145630 0.0145630 0.0274966 0.0175782 0.0147257 0.0116004 0.0206856 0.0145397 0.0175782 0.0206109 0.0145630 0.0146689 0.0175782 0.0205946 0.0145912 0.0175917 0.0115819 0.0116004 0.0207827 0.0145630 0.0145630 0.0115819 0.0175917 0.0206856 0.0206109 0.0086489 0.0000000 0.0000010 0.0087435 0.0178921 0.0210010 0.0208718 0.0115819 0.0177194 0.0175917 0.0147367 0.0268541 0.3067592 0.0175501 0.0145630 0.0145630 0.0205946 0.0145397 0.0205946 0.0175917 0.0206440 0.0028573 0.0145630 0.0175782 0.0145630 0.0057537 0.0210010 0.0115819 0.0115819 0.0210010 0.0272615 0.0028573 0.3198106 0.3198106 0.3260920 0.3062145 0.3260920 0.3123507 0.3186433 0.3186433 0.3123507 0.3123507 0.3001482 0.3051311 0.3209881 0.2985384 0.3067087 0.3134930 0.3198106 0.3134930 1.0279217 0.3067087 0.3334035 0.3123507 0.3134930 1.0279217 0.3136310 0.0206937 0.6842269 0.0207957 0.0176130 0.3198106 0.3198106 0.3049156 0.2932267 0.3203829 0.0175917 0.0207957 0.0147257 0.0116225 
JF808195_1_Chordodes_sp__MCC-2010_isolate_JHp02_cytochrome_oxidase_subunit_I__CO1__gene_partial_cds_mitochondrial 0.0206440 0.0145630 0.0147019 0.0145630 0.0145862 0.0145630 0.0145630 0.0274966 0.0175782 0.0147257 0.0116004 0.0206856 0.0145397 0.0175782 0.0206109 0.0145630 0.0146689 0.0175782 0.0205946 0.0145912 0.0175917 0.0115819 0.0116004 0.0207827 0.0145630 0.0145630 0.0115819 0.0175917 0.0206856 0.0206109 0.0086489 0.0000010 0.0000000 0.0087435 0.0178921 0.0210010 0.0208718 0.0115819 0.0177194 0.0175917 0.0147367 0.0268541 0.3067592 0.0175501 0.0145630 0.0145630 0.0205946 0.0145397 0.0205946 0.0175917 0.0206440 0.0028573 0.0145630 0.0175782 0.0145630 0.0057537 0.0210010 0.0115819 0.0115819 0.0210010 0.0272615 0.0028573 0.3198106 0.3198106 0.3260920 0.3062145 0.3260920 0.3123507 0.3186433 0.3186433 0.3123507 0.3123507 0.3001482 0.3051311 0.3209881 0.2985384 0.3067087 0.3134930 0.3198106 0.3134930 1.0279217 0.3067087 0.3334035 0.3123507 0.3134930 1.0279217 0.3136310 0.0206937 0.6842269 0.0207957 0.0176130 0.3198106 0.3198106 0.3049156 0.2932267 0.3203829 0.0175917 0.0207957 0.0147257 0.0116225 
JF808197_1_Chordodes_sp_MCC-2010_isolate_CHSIN_cytochrome_oxidase_subunit_I_CO1_gene_partial_cds_mitochondrial    0.0177618 0.0116911 0.0118024 0.0116911 0.0177481 0.0116911 0.0116911 0.0310064 0.0147019 0.0118216 0.0087295 0.0177973 0.0116723 0.0147019 0.0177331 0.0116911 0.0117756 0.0147019 0.0177194 0.0117135 0.0147129 0.0087155 0.0087295 0.0178807 0.0116911 0.0116911 0.0087155 0.0147129 0.0177973 0.0177331 0.0057836 0.0087435 0.0087435 0.0000000 0.0087212 0.0116986 0.0116299 0.0087155 0.0148196 0.0147129 0.0118301 0.0239670 0.3198711 0.0146783 0.0116911 0.0116911 0.0177194 0.0116723 0.0177194 0.0147129 0.0177618 0.0057929 0.0116911 0.0147019 0.0116911 0.0087496 0.0116986 0.0087155 0.0087155 0.0116986 0.0177157 0.0057929 0.3063231 0.3063231 0.3124995 0.3192997 0.3124995 0.2990563 0.3052391 0.3052391 0.2990563 0.2990563 0.3131213 0.3118435 0.3074164 0.2855702 0.2938108 0.3001165 0.3063231 0.3001165 1.0832107 0.2938108 0.3192997 0.2990563 0.3001165 1.0832107 0.3002563 0.0239860 0.7298712 0.0178921 0.0147307 0.3063231 0.3063231 0.2918186 0.3060246 0.3068681 0.0147129 0.0178921 0.0118216 0.0087460 
JF808198_1_Chordodes_sp__MCC-2010_isolate_JHp03_cytochrome_oxidase_subunit_I__CO1__gene_partial_cds_mitochondrial 0.0209837 0.0147955 0.0211407 0.0147955 0.0209667 0.0147955 0.0147955 0.0345666 0.0178630 0.0149637 0.0117833 0.0210268 0.0147715 0.0178630 0.0209495 0.0147955 0.0149051 0.0178630 0.0209326 0.0148247 0.0178770 0.0117642 0.0178630 0.0211273 0.0147955 0.0147955 0.0117642 0.0178770 0.0210268 0.0209495 0.0147955 0.0178921 0.0178921 0.0087212 0.0000000 0.0028486 0.0087376 0.0058187 0.0118769 0.0178770 0.0211930 0.0273091 0.3136714 0.0178340 0.0147955 0.0147955 0.0209326 0.0147715 0.0209326 0.0178770 0.0209837 0.0148196 0.0147955 0.0178630 0.0147955 0.0179061 0.0087890 0.0117642 0.0117642 0.0087890 0.0086282 0.0148196 0.3005441 0.3005441 0.3066075 0.3131184 0.3066075 0.2934383 0.2995063 0.2995063 0.2934383 0.2934383 0.3070570 0.3058292 0.3015906 0.2802365 0.2884106 0.2944530 0.3005441 0.2944530 1.0470627 0.2884106 0.3131184 0.2934383 0.2944530 1.0470627 0.2945921 0.0273301 0.7698990 0.0211407 0.0178990 0.3005441 0.3005441 0.2863620 0.3120042 0.3010716 0.0178770 0.0211407 0.0149637 0.0178990 
